Относительное расширение ротора ЦВД
S6
-7
11
9
-7
-4
-2
0
2
4
6
8
11
-6.96
-3.93
-1.91
0.03
2.06
4.07
6.09
8.12
11.19
11.19
8.12
6.09
4.06
2.06
0.02
-1.91
-3.92
-6.99
-6.96
-3.93
-1.91
0.03
2.06
4.07
6.09
8.12
11.19
11.19
8.12
6.09
4.06
2.06
0.02
-1.91
-3.92
-6.99
-6.96
-3.93
-1.91
0.03
2.06
4.07
6.09
8.12
11.19
11.19
8.12
6.09
4.06
2.06
0.02
-1.91
-3.92
-6.99
-6.96
-3.93
-1.91
0.03
2.06
4.07
6.09
8.12
11.19
11.19
8.12
6.09
4.06
2.06
0.02
-1.91
-3.92
-6.99
-6.96
-3.93
-1.91
0.03
2.06
4.07
6.09
8.12
11.19
11.19
8.12
6.09
4.06
2.06
0.02
-1.91
-3.92
-6.99
-6.96
-3.93
-1.91
0.03
2.06
4.07
6.09
8.12
11.19
11.19
8.12
6.09
4.06
2.06
0.02
-1.91
-3.92
-6.99
-6.96
-3.93
-1.91
0.03
2.06
4.07
6.09
8.12
11.19
11.19
8.12
6.09
4.06
2.06
0.02
-1.91
-3.92
-6.99
-6.96
-3.93
-1.91
0.03
2.06
4.07
6.09
8.12
11.19
11.19
8.12
6.09
4.06
2.06
0.02
-1.91
-3.92
-6.99
-6.96
-3.93
-1.91
0.03
2.06
4.07
6.09
8.12
11.19
11.19
8.12
6.09
4.06
2.06
0.02
-1.91
-3.92
-6.99
-6.96
-3.93
-1.91
0.03
2.06
4.07
6.09
8.12
11.19
11.19
8.12
6.09
4.06
2.06
0.02
-1.91
-3.92
-6.99
-6.96
-3.93
-1.91
0.03
2.06
4.07
6.09
8.12
11.19
11.19
8.12
6.09
4.06
2.06
0.02
-1.91
-3.92
-6.99
-6.96
-3.93
-1.91
0.03
2.06
4.07
6.09
8.12
11.19
11.19
8.12
6.09
4.06
2.06
0.02
-1.91
-3.92
-6.99
-6.96
-3.93
-1.91
0.03
2.06
4.07
6.09
8.12
11.19
11.19
8.12
6.09
4.06
2.06
0.02
-1.91
-3.92
-6.99
-6.96
-3.93
-1.91
0.03
2.06
4.07
6.09
8.12
11.19
11.19
8.12
6.09
4.06
2.06
0.02
-1.91
-3.92
-6.99
-6.96
-3.93
-1.91
0.03
2.06
4.07
6.09
8.12
11.19
11.19
8.12
6.09
4.06
2.06
0.02
-1.91
-3.92
-6.99
-6.96
-3.93
-1.91
0.03
2.06
4.07
6.09
8.12
11.19
11.19
8.12
6.09
4.06
2.06
0.02
-1.91
-3.92
-6.99
-6.96
-3.93
-1.91
0.03
2.06
4.07
6.09
8.12
11.19
11.19
8.12
6.09
4.06
2.06
0.02
-1.91
-3.92
-6.99
-6.96
-3.93
-1.91
0.03
2.06
4.07
6.09
8.12
11.19
11.19
8.12
6.09
4.06
2.06
0.02
-1.91
-3.92
-6.99
-6.96
-3.93
-1.91
0.03
2.06
4.07
6.09
8.12
11.19
11.19
8.12
6.09
4.06
2.06
0.02
-1.91
-3.92
-6.99
-6.96
-3.93
-1.91
0.03
2.06
4.07
6.09
8.12
11.19
11.19
8.12
6.09
4.06
2.06
0.02
-1.91
-3.92
-6.99
